张国荣,1,9.6,0.1
 张丰毅,1,9.6,0.1
 英达,1,9.6,0.1
邱岳峰,1,9.4,0.1
 富润生,1,9.4,0.1
 毕克,1,9.4,0.1
 尚华,1,9.4,0.1
 于鼎,1,9.4,0.1
尊龙,1,9.3,0.1
 邬君梅,1,9.3,0.1
 彼得·奥图尔,1,9.3,0.1
 英若诚,1,9.3,0.1
 牛犇,1,9.3,0.1
 香川照之,1,9.3,0.1
 袁丁,1,9.3,0.1
 姜宏波,1,9.3,0.1
 丛志军,1,9.3,0.1
 朱茵,1,9.2,0.1
 蔡少芬,1,9.2,0.1
 王传君,1,9.0,0.1
 周一围,1,9.0,0.1
 周润发,1,9.0,0.1
 刘嘉玲,1,9.0,0.1
 罗家英,1,9.0,0.1
维果·莫腾森,1,8.9,0.1
 马赫沙拉·阿里,1,8.9,0.1
 琳达·卡德里尼,1,8.9,0.1
 塞巴斯蒂安·马尼斯科,1,8.9,0.1
 迪米特·D·马里诺夫,1,8.9,0.1
夏雨,1,8.9,0.1
 宁静,1,8.9,0.1
 耿乐,1,8.9,0.1
 斯琴高娃,1,8.9,0.1
多布杰,1,8.9,0.1
 张垒,1,8.9,0.1
 奇道,1,8.9,0.1
 赵雪莹,1,8.9,0.1
 马占林,1,8.9,0.1
 元秋,1,8.8,0.1
 元华,1,8.8,0.1
 黄圣依,1,8.8,0.1
 梁小龙,1,8.8,0.1
 张敏,1,8.7,0.1
 徐锦江,1,8.7,0.1
 钟丽缇,1,8.7,0.1
 林青霞,1,8.7,0.1
 熊欣欣,1,8.7,0.1
霍卫民,1,8.7,0.1
 王笑天,1,8.7,0.1
 罗芸,1,8.7,0.1
 杨瑜珍,1,8.7,0.1
 孙黎,1,8.7,0.1
吴君如,1,8.7,0.1
 钟绍图,1,8.7,0.1
 蔡颖恩,1,8.7,0.1
 汤唯,1,8.6,0.1
 庹宗华,1,8.6,0.1
郭涛,1,8.6,0.1
 连晋,1,8.6,0.1
 王祖贤,1,8.6,0.1
 赵文卓,1,8.6,0.1
 吴兴国,1,8.6,0.1
 马精武,1,8.6,0.1
 屈楚萧,1,7.9,0.1
 李光洁,1,7.9,0.1
吕艳婷,1,8.4,0.1
 囧森瑟夫,1,8.4,0.1
 瀚墨,1,8.4,0.1
 陈浩,1,8.4,0.1
 绿绮,1,8.4,0.1
 宋芸桦,1,6.6,0.1
 张一鸣,1,6.6,0.1
 张晨光,1,6.6,0.1
 周也,1,8.2,0.1
 蒋璐霞,1,8.2,0.1
 张艺兴,1,7.1,0.1
 刘承羽,1,6.6,0.1
 尚语贤,1,6.6,0.1
汤姆·哈迪,1,7.2,0.1
 米歇尔·威廉姆斯,1,7.2,0.1
 里兹·阿迈德,1,7.2,0.1
 斯科特·黑兹,1,7.2,0.1
 瑞德·斯科特,1,7.2,0.1
 王智,1,7.8,0.1
 弗兰克·格里罗,1,7.1,0.1
 张翰,1,7.1,0.1
 张本煜,1,6.9,0.1
陈建斌,1,8.0,0.1
 潘斌龙,1,8.0,0.1
 韩昊霖,1,7.6,0.1
贾玲,1,7.7,0.1
 张小斐,1,7.7,0.1
 刘佳,1,7.7,0.1
 廖启智,1,8.0,0.1
 徐克,1,6.7,0.1
 苗苗,1,7.7,0.1
 钟楚曦,1,7.7,0.1
 杨采钰,1,7.7,0.1
 李晓峰,1,7.7,0.1
艾伦,1,6.8,0.1
 大力,1,8.3,0.1
 刘帅良,1,8.3,0.1
 裴魁山,1,8.3,0.1
 阿如那,1,8.3,0.1
 汤姆·派福瑞,1,6.4,0.1
 马修·莫里森,1,6.4,0.1
 孙淳,1,8.0,0.1
 陈宝国,1,8.0,0.1
 妻夫木聪,1,5.3,0.1
 托尼·贾,1,5.3,0.1
 长泽雅美,1,5.3,0.1
 谢楠,1,7.5,0.1
李易峰,1,7.2,0.1
 迈克尔·道格拉斯,1,7.2,0.1
 曹炳琨,1,7.2,0.1
章子怡,1,7.5,0.1
 陈楚生,1,7.5,0.1
冯小刚,1,7.5,0.1
 李易峰,1,7.5,0.1
张喆,1,7.8,0.1
 杨天翔,1,7.8,0.1
 唐小喜,1,7.8,0.1
 刘薇,1,7.8,0.1
 张遥函,1,7.8,0.1
 染谷将太,1,6.9,0.1
 张榕容,1,6.9,0.1
 姜文,1,7.0,0.1
 周韵,1,7.0,0.1
肖央,1,7.5,0.1
小罗伯特·唐尼,1,7.9,0.1
 盖·皮尔斯,1,7.9,0.1
 格温妮斯·帕特洛,1,7.9,0.1
 本·金斯利,1,7.9,0.1
 唐·钱德尔,1,7.9,0.1
 李程彬,1,7.5,0.1
 李萍,1,7.5,0.1
 蔡纲,1,7.5,0.1
 张衣,1,6.8,0.1
 王正佳,1,6.8,0.1
 亨利·卡维尔,1,8.1,0.1
季冠霖,1,7.0,0.1
 苏尚卿,1,7.0,0.1
 许魏洲,1,7.0,0.1
 杨婷,1,7.0,0.1
张磊,1,8.3,0.1
 林子杰,1,8.3,0.1
 吴文伦,1,8.3,0.1
 童自荣,1,8.3,0.1
 刘九容,1,8.3,0.1
 王真儿,1,7.6,0.1
 黄志忠,1,7.5,0.1
 张俊一,1,7.5,0.1
 赵丽颖,1,6.8,0.1
 金燕玲,1,6.7,0.1
 李曼,1,7.8,0.1
 左小青,1,7.8,0.1
 沙溢,1,8.4,0.1
 宁理,1,8.4,0.1
冯绍峰,1,7.2,0.1
 文章,1,7.2,0.1
 张嘉益,1,7.2,0.1
 宋美曼,1,7.3,0.1
 宋美慧,1,7.3,0.1
 高亚麟,1,7.2,0.1
克里斯蒂安·贝尔,1,8.3,0.1
 张歆怡,1,8.3,0.1
 黄天元,1,8.3,0.1
 韩熙庭,1,8.3,0.1
 李宇春,1,4.9,0.1
 杨颖,1,7.4,0.1
 吕颂贤,1,8.3,0.1
 孙泽源,1,6.8,0.1
 周翊然,1,6.8,0.1
文章,1,7.2,0.1
 李尚正,1,7.2,0.1
 黄梅莹,1,5.9,0.1
 保罗·沃克,1,8.4,0.1
 乔丹娜·布鲁斯特,1,8.4,0.1
海莉·斯坦菲尔德,1,7.0,0.1
 小豪尔赫·兰登伯格,1,7.0,0.1
 约翰·塞纳,1,7.0,0.1
 杰森·德鲁克,1,7.0,0.1
 帕梅拉·阿德龙,1,7.0,0.1
韩庚,1,5.6,0.1
 于文文,1,5.6,0.1
 曾梦雪,1,5.6,0.1
 罗米,1,5.6,0.1
 陶慧,1,7.2,0.1
张雪迎,1,8.2,0.1
 果靖霖,1,8.2,0.1
 智一桐,1,8.2,0.1
 代旭,1,8.2,0.1
 黄诗佳,1,8.2,0.1
郑希,1,6.6,0.1
 杨凝,1,6.6,0.1
 阎么么,1,6.6,0.1
 季冠霖,1,6.6,0.1
 李媛,1,7.4,0.1
 程伊,1,7.4,0.1
 郝蕾,1,8.4,0.1
 刘若英,1,8.1,0.1
 宋慧乔,1,8.1,0.1
 赵本山,1,8.1,0.1
 归亚蕾,1,7.1,0.1
 王德顺,1,7.1,0.1
 徐娇,1,7.2,0.1
 林子聪,1,7.2,0.1
 冯勉恒,1,7.2,0.1
 道恩·强森,1,7.1,0.1
 泰瑞斯·吉布森,1,7.1,0.1
 赵又廷,1,6.5,0.1
 韩庚,1,6.5,0.1
 江疏影,1,6.5,0.1
 刘雅瑟,1,6.5,0.1
 田壮壮,1,5.9,0.1
 曲哲明,1,5.9,0.1
 刘启恒,1,5.9,0.1
尹正,1,7.4,0.1
 杨皓宇,1,7.4,0.1
黄才伦,1,4.6,0.1
盖尔·加朵,1,7.1,0.1
 克里斯·派恩,1,7.1,0.1
 康妮·尼尔森,1,7.1,0.1
 罗宾·怀特,1,7.1,0.1
 大卫·休里斯,1,7.1,0.1
 葛民辉,1,5.7,0.1
 李灿森,1,5.7,0.1
山新,1,8.0,0.1
 郝祥海,1,8.0,0.1
 刘明月,1,8.0,0.1
 曹云图,1,8.0,0.1
 叮当,1,8.0,0.1
 戚玉武,1,6.8,0.1
 吴昱翰,1,7.3,0.1
 刘迅,1,7.3,0.1
 汤敏,1,7.3,0.1
 赵海燕,1,7.3,0.1
 王志文,1,8.4,0.1
 古天乐,1,7.5,0.1
 蔡志强,1,7.5,0.1
 许冠文,1,7.5,0.1
肖战,1,4.5,0.1
 李沁,1,4.5,0.1
 孟美岐,1,4.5,0.1
 唐艺昕,1,4.5,0.1
 刘端端,1,4.5,0.1
徐帆,1,7.8,0.1
 张子枫,1,7.8,0.1
 白宇,1,6.2,0.1
 王西,1,6.2,0.1
 孙浠伦,1,6.2,0.1
 马伊琍,1,8.1,0.1
 倪虹洁,1,8.1,0.1
 周野芒,1,8.1,0.1
 多布杰,1,8.3,0.1
 刘青云,1,7.4,0.1
 谢君豪,1,7.4,0.1
 李诚儒,1,6.6,0.1
 袁姗姗,1,5.8,0.1
 柳岩,1,5.8,0.1
 吴君如,1,5.8,0.1
 曾志伟,1,5.8,0.1
 李凯文,1,7.0,0.1
 倪大红,1,7.0,0.1
 鄂靖文,1,5.7,0.1
 张全蛋,1,5.7,0.1
 景如洋,1,5.7,0.1
 张琪,1,5.7,0.1
杰克·布莱克,1,7.8,0.1
 布莱恩·科兰斯顿,1,7.8,0.1
 达斯汀·霍夫曼,1,7.8,0.1
 安吉丽娜·朱莉,1,7.8,0.1
 J·K·西蒙斯,1,7.8,0.1
 栾元晖,1,5.1,0.1
 秦越,1,5.1,0.1
 刘诗诗,1,7.7,0.1
 李东学,1,7.7,0.1
 聂远,1,7.7,0.1
王凯,1,6.3,0.1
 张鲁一,1,6.3,0.1
 林心如,1,6.3,0.1
 叶祖新,1,6.3,0.1
 丁冠森,1,6.3,0.1
宋洋,1,8.2,0.1
 袁文康,1,8.2,0.1
 王梓尘,1,8.2,0.1
 徐静蕾,1,7.1,0.1
 杨子姗,1,7.1,0.1
 梁杰理,1,7.1,0.1
 熊黛林,1,7.8,0.1
 池内博之,1,7.8,0.1
 林家栋,1,7.8,0.1
 胡静,1,7.6,0.1
 吕中,1,7.6,0.1
赵英博,1,5.8,0.1
 任敏,1,5.8,0.1
 辛云来,1,5.8,0.1
 章若楠,1,5.8,0.1
 朱丹妮,1,5.8,0.1
 辛芷蕾,1,7.2,0.1
 方中信,1,7.2,0.1
 胡可,1,7.2,0.1
佟大为,1,5.7,0.1
 霍思燕,1,5.7,0.1
 杨紫琼,1,8.4,0.1
 郎雄,1,8.4,0.1
马特·达蒙,1,4.9,0.1
 佩德罗·帕斯卡,1,4.9,0.1
 威廉·达福,1,4.9,0.1
巩俐,1,7.1,0.1
 白浪,1,7.1,0.1
 杨紫,1,6.4,0.1
金城武,1,6.7,0.1
 奚梦瑶,1,6.7,0.1
 谢贤,1,8.1,0.1
 张柏芝,1,8.1,0.1
陈赫,1,3.2,0.1
 袁弘,1,3.2,0.1
 娄艺潇,1,3.2,0.1
陈都灵,1,5.7,0.1
 陈哈琳,1,7.4,0.1
 公磊,1,7.4,0.1
 刘烨,1,7.7,0.1
 吴若甫,1,7.7,0.1
 林雪,1,7.7,0.1
于谦,1,6.6,0.1
 汤梦佳,1,6.6,0.1
 王广源,1,6.6,0.1
 秦鸣悦,1,6.6,0.1
 徐子力,1,6.6,0.1
 权相宇,1,6.8,0.1
 姚星彤,1,6.8,0.1
 张蓝心,1,6.8,0.1
马丽,1,6.2,0.1
 魏翔,1,6.2,0.1
 周大勇,1,6.2,0.1
杨千嬅,1,7.3,0.1
 陈逸宁,1,7.3,0.1
赵又廷,1,6.1,0.1
 冯绍峰,1,6.1,0.1
 阮经天,1,6.1,0.1
 斯坦利·图齐,1,6.7,0.1
 凯尔希·格兰莫,1,6.7,0.1
 妮可拉·佩尔茨,1,6.7,0.1
 杰克·莱诺,1,6.7,0.1
朱一龙,1,7.3,0.1
 杨恩又,1,7.3,0.1
 刘陆,1,7.3,0.1
 罗京民,1,7.3,0.1
 郑则仕,1,7.2,0.1
 刘浩龙,1,7.2,0.1
乔治·麦凯,1,8.5,0.1
 迪恩-查尔斯·查普曼,1,8.5,0.1
 科林·费尔斯,1,8.5,0.1
 本尼迪克特·康伯巴奇,1,8.5,0.1
 马克·斯特朗,1,8.5,0.1
徐璐,1,7.2,0.1
 刘泳希,1,7.2,0.1
 鲁照华,1,7.2,0.1
 韩忠羽,1,7.2,0.1
郭富城,1,7.6,0.1
乔·阿尔文,1,8.3,0.1
 加内特·赫德兰,1,8.3,0.1
 克里斯汀·斯图尔特,1,8.3,0.1
 范·迪塞尔,1,8.3,0.1
 李淳,1,8.3,0.1
 王一博,1,6.7,0.1
 周迅,1,6.7,0.1
 黄磊,1,6.7,0.1
 森博之,1,6.7,0.1
 王彦霖,1,7.2,0.1
 魏晨,1,5.6,0.1
 胡歌,1,6.0,0.1
 浅野忠信,1,7.7,0.1
 杜淳,1,7.7,0.1
 钟欣潼,1,7.7,0.1
 杰瑞米·雷纳,1,7.9,0.1
 安东尼·霍普金斯,1,4.9,0.1
 乔什·杜哈明,1,4.9,0.1
 劳拉·哈德克,1,4.9,0.1
 桑地亚哥·卡布瑞拉,1,4.9,0.1
小连杀,1,7.8,0.1
 幽舞越山,1,7.8,0.1
 李佳怡,1,7.8,0.1
陶泽如,1,8.3,0.1
 李岷城,1,8.3,0.1
 嵇波,1,8.3,0.1
 胡先煦,1,8.3,0.1
 郑伟,1,8.3,0.1
 宋佳,1,7.2,0.1
 陈妍希,1,7.2,0.1
 凤小岳,1,5.1,0.1
武仁林,1,8.4,0.1
 杨光锐,1,8.4,0.1
 赵登平,1,8.4,0.1
 王彩兰,1,8.4,0.1
 惠英红,1,6.4,0.1
 吴彦姝,1,6.4,0.1
林更新,1,5.5,0.1
 巴特尔,1,5.5,0.1
 隋凯,1,6.0,0.1
 王啸坤,1,6.0,0.1
 龚格尔,1,6.0,0.1
 窦骁,1,7.1,0.1
 奚美娟,1,7.1,0.1
 姜瑞佳,1,7.1,0.1
何冰,1,8.4,0.1
 钱波,1,8.4,0.1
 赵龙豪,1,8.4,0.1
 米铁增,1,8.4,0.1
 黎明,1,8.2,0.1
 陈慧琳,1,8.2,0.1
 梁靖康,1,6.9,0.1
大昕,1,8.3,0.1
 大雄,1,8.3,0.1
 郭皓,1,8.3,0.1
 李盟,1,8.3,0.1
 李佳思,1,8.3,0.1
廖凡,1,7.6,0.1
 桂纶镁,1,7.6,0.1
 王学兵,1,7.6,0.1
 余皑磊,1,7.6,0.1
 俞飞鸿,1,5.1,0.1
 王迅,1,6.4,0.1
 屈菁菁,1,6.4,0.1
杰森·斯坦森,1,5.7,0.1
 雷恩·威尔森,1,5.7,0.1
 鲁比·罗丝,1,5.7,0.1
 赵文瑄,1,5.7,0.1
 万茜,1,6.5,0.1
 程怡,1,6.5,0.1
 黄小蕾,1,6.5,0.1
 金喜善,1,6.9,0.1
 玛丽卡·沙拉瓦特,1,6.9,0.1
 孙周,1,6.9,0.1
约翰·博耶加,1,5.4,0.1
 卡莉·史派妮,1,5.4,0.1
 斯科特·伊斯特伍德,1,5.4,0.1
 伯恩·戈曼,1,5.4,0.1
 戎祥,1,8.3,0.1
 九孔,1,8.3,0.1
陈道明,1,8.1,0.1
 张慧雯,1,8.1,0.1
 刘佩琦,1,8.1,0.1
 孙红雷,1,6.6,0.1
 安以轩,1,6.6,0.1
 代乐乐,1,4.4,0.1
 梁超,1,4.4,0.1
 杨新鸣,1,4.4,0.1
王俊凯,1,5.0,0.1
 迪丽热巴,1,5.0,0.1
 董李无忧,1,5.0,0.1
 秦岚,1,7.2,0.1
 谭耀文,1,7.2,0.1
 黄德斌,1,7.2,0.1
孙红雷,1,7.8,0.1
 赵立新,1,7.8,0.1
崔维斯·费米尔,1,7.7,0.1
 托比·凯贝尔,1,7.7,0.1
 宝拉·巴顿,1,7.7,0.1
 本·福斯特,1,7.7,0.1
 张申英,1,8.5,0.1
 刘谦,1,8.5,0.1
 罗二羊,1,8.5,0.1
刘烨,1,7.2,0.1
 田中千绘,1,7.2,0.1
 梁静,1,7.2,0.1
王景春,1,8.0,0.1
 咏梅,1,8.0,0.1
 王源,1,8.0,0.1
 吴樾,1,6.8,0.1
 吴建豪,1,6.8,0.1
 李宛妲,1,6.8,0.1
汤姆·汉克斯,1,8.1,0.1
 哈莉·贝瑞,1,8.1,0.1
 吉姆·布劳德本特,1,8.1,0.1
 雨果·维文,1,8.1,0.1
 吉姆·斯特吉斯,1,8.1,0.1
彭昱畅,1,6.0,0.1
 卜冠今,1,6.0,0.1
 苇青,1,6.0,0.1
 金世佳,1,6.0,0.1
赵涛,1,7.6,0.1
 梁嘉艳,1,7.6,0.1
 刁亦男,1,7.6,0.1
